3
3 5 8 
4
1 3 5 4 
3
4 5 2 
3
6 3 4 
3
5 1 6 
3
4 10 3 
3
1 5 8 
3
1 3 4 
3
6 1 4 
3
10 5 2 
3
6 4 2 
1
8 
4
5 3 2 4 
3
5 8 1 
4
5 2 1 4 
3
3 2 10 
3
2 3 8 
3
8 4 2 
3
4 2 5 
4
4 2 1 5 
3
1 10 2 
3
3 2 5 
3
2 8 4 
3
1 6 2 
4
2 3 4 5 
2
3 8 
3
4 6 3 
3
10 5 2 
3
2 1 4 
3
5 4 6 
4
1 3 5 4 
2
8 2 
3
2 6 1 
3
6 3 2 
3
1 3 4 
4
1 2 4 3 
2
4 5 
4
1 2 3 4 
3
1 10 4 
2
5 4 
3
2 8 1 
3
4 1 10 
2
4 10 
3
8 5 1 
4
1 5 4 3 
3
1 6 5 
2
3 4 
3
1 5 8 
3
2 1 5 
3
2 5 6 
4
5 1 4 2 
4
3 1 2 4 
3
5 4 6 
2
3 4 
4
4 3 2 1 
1
8 
3
3 10 2 
3
4 3 1 
3
10 1 5 
4
3 1 4 5 
2
1 4 
3
3 2 8 
3
2 10 4 
4
4 3 2 5 
2
8 5 
2
10 2 
3
4 10 1 
2
6 2 
4
1 2 5 3 
3
4 5 2 
3
2 5 6 
4
5 2 4 1 
3
4 10 5 
2
8 6 
4
4 3 1 2 
4
4 5 1 2 
3
5 2 1 
3
2 1 8 
2
3 8 
4
3 2 4 5 
4
5 3 4 2 
3
1 4 6 
3
2 5 8 
4
3 5 4 1 
3
5 2 3 
2
1 4 
4
3 4 1 2 
4
1 3 4 5 
3
1 5 8 
3
3 5 2 
2
6 8 
2
6 10 
3
1 8 4 
3
1 8 5 
4
2 1 5 3 
3
8 3 1 
1
8 
2
2 8 
4
4 2 1 5 
3
1 3 10 
3
3 10 2 
3
5 4 2 
1
8 
3
4 2 10 
3
1 4 5 
2
5 8 
4
5 1 4 2 
2
1 8 
3
2 4 5 
3
5 4 2 
2
8 6 
3
4 5 2 
3
3 1 4 
2
8 2 
3
1 4 6 
2
3 4 
3
5 2 6 
4
5 1 2 3 
4
4 3 1 5 
1
8 
3
10 1 5 
2
5 8 
4
5 1 4 3 
2
4 3 
4
3 5 4 2 
1
8 
2
8 1 
2
2 8 
4
3 1 2 4 
3
5 4 6 
3
1 3 4 
3
1 5 4 
4
3 2 4 5 
2
8 1 
1
8 
3
1 4 5 
4
1 3 2 4 
3
1 3 10 
1
8 
4
3 1 5 2 
4
1 4 2 5 
3
8 5 1 
3
3 4 10 
3
1 8 5 
3
3 1 10 
1
8 
4
4 1 2 3 
4
5 2 3 1 
3
2 1 3 
3
1 6 5 
4
3 1 4 5 
3
10 5 2 
3
1 5 8 
3
5 2 3 
3
2 8 4 
3
4 5 2 
3
4 5 6 
3
2 3 5 
3
10 5 3 
2
5 4 
3
1 5 4 
3
8 4 5 
3
4 10 1 
4
2 3 5 1 
3
5 4 1 
3
4 6 2 
3
5 6 1 
3
5 1 6 
4
5 3 2 4 
3
3 10 4 
3
4 2 6 
3
4 3 2 
3
2 5 1 
3
2 4 6 
4
3 5 2 4 
4
3 2 1 4 
3
10 5 2 
4
1 2 4 3 
2
5 4 
3
5 1 8 
3
4 3 2 
3
2 10 1 
2
3 8 
3
3 1 8 
2
4 10 
3
5 4 2 
3
3 5 2 
4
5 4 2 3 
3
10 3 1 
3
4 1 3 
2
6 10 
3
6 3 1 
4
5 1 3 2 
4
2 1 5 3 
4
5 2 1 3 
2
10 8 
2
4 2 
3
4 1 2 
3
3 4 2 
4
4 3 5 2 
3
2 1 8 
3
1 3 10 
3
8 5 1 
2
2 10 
2
8 6 
2
5 4 
4
1 4 2 3 
3
3 4 5 
3
2 8 1 
3
2 5 8 
3
2 1 10 
3
5 2 1 
2
8 6 
3
5 8 1 
2
4 3 
3
1 3 8 
4
3 2 5 1 
3
1 3 8 
4
4 5 1 3 
3
1 10 4 
3
2 4 1 
2
5 4 
3
4 2 5 
3
4 3 10 
3
4 3 2 
4
4 5 3 1 
2
2 6 
3
2 3 8 
3
5 1 8 
1
8 
4
4 1 5 3 
1
8 
3
10 2 5 
3
3 4 10 
4
5 4 2 1 
3
3 5 8 
4
5 4 2 3 
2
8 10 
3
5 4 3 
2
8 10 
4
1 2 4 5 
3
2 3 10 
3
10 2 5 
4
2 3 1 5 
4
3 4 2 1 
3
5 1 4 
3
3 8 1 
3
6 5 2 
4
1 2 3 4 
3
3 4 1 
3
2 8 1 
3
1 10 3 
3
1 3 10 
3
5 6 3 
3
2 8 3 
2
8 2 
2
4 5 
3
10 5 1 
2
5 4 
3
8 3 4 
3
3 2 5 
3
4 2 5 
4
4 5 2 3 
4
4 5 1 2 
4
1 4 2 5 
2
10 2 
4
3 4 1 5 
2
1 8 
2
10 2 
3
3 10 2 
4
5 1 3 2 
2
10 2 
3
3 1 8 
2
3 8 
3
4 5 6 
3
5 8 2 
3
4 1 2 
4
5 4 1 3 
2
6 4 
2
3 8 
4
2 1 3 4 
4
2 4 3 1 
3
1 3 8 
4
1 5 2 4 
3
1 4 10 
3
1 3 8 
3
3 4 2 
3
4 10 3 
3
3 4 10 
3
1 2 6 
3
3 4 2 
3
3 1 8 
3
1 3 8 
4
4 3 2 5 
2
8 5 
3
3 5 4 
2
4 10 
4
5 1 3 2 
3
6 1 3 
2
5 8 
3
3 10 4 
3
1 3 10 
3
10 5 2 
2
10 6 
3
4 5 2 
2
8 1 
3
5 2 8 
2
8 4 
4
1 4 3 2 
3
3 2 10 
2
3 4 
3
5 2 6 
2
5 8 
3
1 10 4 
3
8 3 4 
3
8 5 2 
4
4 2 5 1 
2
5 8 
3
10 3 2 
3
2 8 4 
2
1 8 
2
3 8 
3
8 4 1 
3
2 8 5 
3
5 4 6 
3
8 4 1 
4
2 1 5 3 
4
3 5 2 1 
3
8 1 5 
3
4 2 1 
3
5 1 6 
4
4 3 2 5 
3
4 5 2 
3
2 10 4 
4
2 4 5 3 
3
5 3 2 
3
3 2 5 
3
3 1 4 
2
4 3 
3
4 2 1 
4
1 3 5 4 
2
4 1 
3
5 3 8 
3
2 6 5 
4
4 1 5 3 
2
5 4 
3
2 10 3 
2
8 5 
2
5 4 
2
3 8 
4
1 4 5 3 
4
4 2 3 1 
3
2 10 1 
3
4 3 10 
3
4 2 1 
3
3 8 1 
2
8 4 
4
2 4 1 3 
3
3 1 8 
2
1 8 
2
6 10 
3
8 5 2 
3
5 6 4 
3
2 3 10 
4
2 5 4 1 
2
8 1 
4
5 3 4 2 
3
2 6 1 
4
2 5 4 1 
2
4 5 
3
2 6 5 
2
5 4 
3
4 10 3 
3
2 10 1 
3
1 6 3 
2
4 1 
2
5 4 
4
3 4 1 2 
3
5 3 4 
3
4 3 2 
3
4 3 5 
3
2 3 4 
2
3 8 
3
4 1 10 
3
1 5 6 
3
1 8 5 
2
4 2 
3
5 4 2 
4
5 1 3 4 
3
2 8 5 
3
8 5 3 
4
4 1 5 3 
1
12 
3
4 1 10 
1
8 
2
2 6 
2
8 10 
1
8 
3
6 4 5 
3
2 10 3 
4
4 1 5 3 
2
6 10 
4
2 3 1 5 
3
2 6 5 
3
2 10 4 
3
1 2 8 
3
1 4 6 
3
3 4 2 
3
5 8 3 
3
3 4 2 
3
3 8 1 
3
5 2 3 
2
1 8 
4
4 1 5 2 
4
3 4 5 2 
3
3 1 4 
4
3 2 4 5 
3
1 6 2 
3
6 3 5 
3
1 6 4 
3
5 8 3 
2
3 4 
2
6 10 
3
10 2 1 
2
3 8 
3
1 2 10 
2
8 2 
4
5 1 4 2 
2
5 4 
3
6 4 1 
3
10 1 4 
4
5 2 1 4 
3
6 2 4 
4
5 3 2 1 
4
2 1 4 3 
3
4 3 10 
3
1 8 2 
4
1 4 5 3 
3
1 10 3 
3
3 5 2 
4
4 3 5 1 
2
5 8 
3
1 3 8 
3
5 8 4 
3
2 10 5 
4
1 3 2 5 
3
2 4 1 
3
3 8 2 
3
3 2 8 
4
2 3 5 1 
4
1 4 3 2 
4
5 2 4 3 
3
5 2 8 
4
3 4 1 5 
3
5 8 3 
2
10 6 
3
2 8 5 
3
1 3 10 
3
2 1 8 
3
4 2 6 
1
8 
3
5 1 8 
3
10 1 2 
2
3 4 
3
1 2 10 
4
3 5 1 2 
4
3 2 1 5 
2
4 1 
3
1 10 4 
1
20 
3
4 1 6 
3
6 5 3 
3
10 4 3 
2
4 2 
4
3 1 4 2 
4
2 5 3 4 
2
6 2 
3
4 5 1 
4
1 4 5 3 
3
3 2 8 
2
8 2 
2
8 3 
3
2 3 10 
2
6 2 
3
1 2 6 
3
4 6 2 
3
1 2 10 
4
3 5 1 2 
4
1 2 3 5 
4
3 4 1 5 
3
3 8 5 
4
4 3 5 2 
3
2 1 6 
4
2 1 4 3 
2
10 6 
4
5 3 1 2 
2
10 2 
3
5 3 2 
4
5 1 4 3 
3
3 5 8 
3
1 4 6 
3
2 6 3 
3
3 4 2 
3
1 4 5 
2
6 2 
3
3 5 2 
2
8 3 
4
2 1 5 3 
3
5 8 4 
3
3 5 4 
4
1 3 4 5 
3
10 2 3 
3
3 1 4 
3
1 2 10 
2
3 4 
3
5 4 1 
3
2 5 6 
4
5 4 3 1 
3
10 1 3 
2
8 4 
3
3 8 4 
3
5 2 8 
2
4 2 
3
5 4 2 
3
2 10 1 
3
2 3 8 
2
4 3 
3
4 3 2 
4
2 1 4 3 
3
1 2 10 
3
3 2 10 
3
4 1 2 
2
3 4 
4
1 5 3 4 
2
1 8 
3
8 2 1 
4
3 2 5 1 
2
6 4 
3
5 4 6 
3
2 3 8 
3
4 10 2 
3
3 8 2 
3
1 10 3 
3
3 4 5 
3
5 3 4 
4
2 3 4 5 
2
6 2 
3
2 8 1 
3
1 3 4 
2
8 6 
3
1 5 4 
3
8 2 3 
2
4 10 
3
1 10 4 
4
5 1 3 4 
3
3 1 4 
3
3 5 2 
3
1 8 5 
4
4 5 2 1 
2
2 8 
3
5 6 4 
3
3 2 5 
1
8 
2
2 6 
3
4 3 2 
3
1 5 6 
2
5 4 
2
8 3 
3
4 2 1 
2
3 4 
3
3 4 2 
3
2 4 6 
3
5 1 4 
2
3 4 
3
4 2 1 
3
2 1 10 
2
6 8 
3
1 8 5 
3
6 4 2 
3
5 6 2 
4
2 5 3 1 
3
1 2 10 
3
3 5 8 
3
3 10 4 
3
4 5 2 
3
1 6 3 
3
5 8 1 
4
5 3 2 4 
3
2 5 3 
3
2 1 10 
3
4 5 6 
3
4 2 6 
4
2 5 1 4 
3
1 8 3 
2
10 2 
3
1 5 8 
3
10 1 4 
3
4 5 6 
3
2 4 6 
4
5 3 2 1 
3
4 3 2 
3
1 8 4 
3
8 3 2 
2
1 4 
3
10 3 4 
3
1 8 4 
4
5 4 2 3 
3
1 10 2 
4
5 4 3 1 
3
3 2 8 
2
4 6 
3
6 2 4 
2
5 8 
4
5 1 3 4 
4
3 1 4 2 
4
4 2 3 1 
4
1 3 2 5 
3
5 6 1 
4
4 2 1 3 
4
1 3 5 2 
3
5 4 1 
3
1 4 10 
4
4 5 2 3 
4
1 4 5 3 
2
10 2 
3
2 10 4 
2
8 3 
4
5 4 2 3 
4
1 3 2 5 
1
8 
3
2 6 5 
3
4 10 2 
3
2 4 10 
3
2 5 8 
3
5 1 6 
4
3 1 5 4 
3
4 5 2 
3
10 2 5 
3
8 1 3 
3
2 5 4 
1
8 
4
1 3 5 2 
1
16 
2
8 3 
2
10 6 
2
5 4 
2
8 1 
3
5 8 3 
2
4 3 
3
6 1 2 
1
8 
3
5 8 2 
3
4 6 3 
3
4 1 3 
3
5 3 4 
3
1 3 4 
3
2 10 1 
2
8 2 
2
2 6 
3
10 3 4 
2
10 6 
2
10 8 
3
2 3 1 
3
10 1 2 
4
3 2 1 4 
3
2 10 1 
4
1 3 4 5 
3
1 2 8 
2
3 4 
3
2 3 1 
2
3 4 
2
5 4 
4
1 4 3 5 
3
4 10 2 
3
5 4 1 
2
8 6 
3
1 2 8 
4
4 3 1 2 
3
2 10 1 
4
5 1 4 2 
4
3 2 4 1 
4
4 1 2 5 
4
4 5 3 1 
4
5 4 2 1 
4
2 4 5 1 
2
6 10 
4
5 1 4 2 
3
5 8 4 
3
6 4 2 
3
1 6 3 
2
5 4 
4
3 2 5 1 
4
5 3 2 1 
2
5 4 
1
20 
4
3 5 1 2 
3
6 2 1 
3
5 4 6 
4
2 1 4 5 
3
3 1 8 
3
3 5 2 
3
6 2 4 
3
1 8 5 
3
6 5 4 
1
8 
3
3 4 10 
2
6 10 
3
10 3 1 
2
8 6 
2
2 8 
2
8 1 
3
6 5 2 
2
3 8 
3
1 2 8 
3
1 6 4 
3
3 5 8 
3
8 3 1 
3
2 8 1 
2
8 4 
3
4 5 6 
2
3 8 
4
1 3 5 2 
4
1 5 3 2 
3
4 2 3 
3
4 3 2 
3
3 2 8 
3
6 4 2 
2
4 10 
3
1 6 4 
4
2 4 5 3 
3
1 4 6 
3
1 6 2 
3
6 5 4 
4
4 1 2 5 
3
8 5 2 
3
5 8 4 
2
6 8 
2
4 10 
2
1 8 
3
3 4 10 
2
2 6 
4
1 4 2 5 
3
2 4 6 
3
2 5 6 
4
2 3 1 4 
3
2 6 1 
4
5 2 4 3 
3
8 1 2 
4
3 5 1 2 
3
3 4 2 
4
1 3 5 2 
3
1 10 3 
3
1 4 6 
3
4 10 2 
2
6 10 
3
2 10 3 
3
8 5 3 
3
1 2 6 
3
1 10 4 
3
8 1 5 
3
3 5 2 
3
10 1 2 
3
5 2 1 
3
2 10 3 
4
3 1 5 4 
4
1 5 4 3 
4
2 1 3 5 
3
5 4 2 
3
8 3 5 
3
5 2 6 
3
1 5 6 
3
4 2 6 
3
6 4 3 
3
3 2 8 
2
6 2 
3
5 4 2 
3
5 3 8 
4
1 5 2 3 
4
5 1 4 3 
3
10 4 1 
4
4 5 3 1 
3
8 2 3 
3
6 4 2 
2
3 8 
3
4 2 6 
3
8 2 5 
3
8 1 5 
3
4 6 5 
3
6 5 4 
3
2 4 5 
2
5 4 
2
5 8 
3
5 4 1 
3
3 2 8 
3
1 3 10 
3
2 10 5 
2
10 4 
3
2 5 6 
3
1 4 2 
3
3 8 4 
3
8 1 4 
4
4 3 1 5 
3
5 8 4 
2
4 2 
1
8 
3
4 6 2 
3
6 5 1 
2
3 4 
1
8 
3
3 4 2 
4
3 5 1 4 
3
3 2 8 
2
4 6 
2
8 5 
3
3 2 10 
2
5 4 
3
8 4 5 
2
4 1 
3
4 6 2 
3
5 2 6 
1
8 
4
5 1 3 2 
4
2 3 1 5 
4
5 4 2 3 
3
1 10 4 
2
8 4 
2
1 8 
3
2 3 10 
2
8 2 
3
2 3 10 
4
5 3 2 1 
2
2 8 
2
1 8 
4
1 5 4 3 
3
2 3 10 
3
3 4 2 
3
5 4 2 
3
8 2 4 
3
2 3 10 
3
6 2 1 
2
5 4 
2
8 4 
3
5 8 2 
3
4 2 10 
3
2 1 8 
4
3 4 2 5 
3
2 8 1 
4
4 3 2 1 
2
4 6 
4
5 3 2 1 
3
3 10 1 
2
6 10 
3
4 6 1 
3
4 2 10 
2
5 8 
3
1 6 5 
3
5 1 6 
3
1 3 4 
1
8 
4
2 5 1 3 
3
6 2 4 
3
1 4 6 
2
4 6 
2
10 2 
1
8 
3
5 8 1 
3
5 1 4 
2
8 2 
3
1 3 10 
3
4 6 1 
2
2 8 
3
5 6 2 
3
2 10 4 
3
4 5 6 
2
5 4 
2
3 4 
3
3 5 4 
3
5 4 6 
3
2 1 10 
3
2 10 4 
2
8 4 
2
3 8 
3
5 8 3 
4
3 4 2 1 
3
2 4 3 
3
3 4 10 
3
4 2 10 
3
4 1 2 
2
10 4 
3
10 1 3 
2
5 4 
2
8 6 
2
3 4 
3
10 4 1 
3
2 5 8 
4
1 4 5 3 
3
4 10 1 
3
5 4 2 
3
4 10 3 
3
4 2 1 
2
4 1 
3
4 6 5 
4
5 2 1 4 
3
1 8 4 
2
4 6 
4
4 2 3 1 
3
5 8 2 
3
1 10 4 
4
3 1 2 4 
3
5 4 6 
2
2 8 
2
6 4 
4
4 3 1 5 
2
10 2 
3
4 2 5 
3
3 4 1 
3
1 2 8 
3
3 5 2 
4
2 4 3 5 
3
1 5 6 
2
5 8 
2
6 4 
3
5 8 2 
3
4 2 5 
4
2 4 3 5 
1
8 
4
5 3 4 1 
3
2 6 3 
3
8 3 1 
3
3 4 10 
4
4 5 2 3 
3
4 3 10 
3
3 8 1 
3
5 6 4 
3
1 4 5 
3
3 10 2 
2
6 4 
3
6 4 2 
2
4 1 
2
8 1 
3
1 2 6 
4
5 4 2 3 
1
8 
3
1 3 10 
3
3 4 2 
4
2 3 4 1 
3
4 3 2 
3
1 3 10 
3
3 2 4 
4
2 5 4 1 
3
5 3 4 
3
2 8 4 
3
5 3 4 
3
4 1 10 
2
3 8 
4
1 4 5 2 
3
5 2 8 
3
3 2 5 
2
5 4 
3
3 5 2 
3
2 1 4 
4
5 1 3 2 
4
3 1 5 4 
2
6 4 
3
4 1 2 
3
10 1 5 
2
3 8 
3
1 6 4 
3
1 3 8 
3
5 8 2 
2
8 5 
3
5 3 4 
3
10 1 5 
3
4 2 10 
2
2 6 
3
1 5 8 
4
4 3 5 2 
3
2 3 1 
4
1 4 2 3 
3
5 2 6 
2
1 4 
3
8 4 1 
3
1 6 4 
3
5 1 4 
2
10 2 
3
4 2 10 
2
4 2 
4
2 4 1 5 
3
2 8 1 
3
8 2 3 
3
4 6 3 
4
4 3 5 2 
3
3 10 1 
2
5 8 
3
4 3 2 
4
2 1 5 3 
4
3 2 4 5 
3
5 6 1 
4
3 4 1 5 
3
3 4 2 
